0.0 1.0 2.0 3.0 4.0 5.0 6.0 7.0
1.0 0.0 5.856390601220791 8.25316114112369 13.46545186927849 8.068378605784766 13.834184653429652 16.479311982002503
2.0 5.856390601220791 0.0 7.6899355300287215 12.251810558749888 7.498408197059976 13.374854521457996 15.44496665785152
3.0 8.25316114112369 7.6899355300287215 0.0 16.771478236853074 1.6342696127066922 17.595261765523787 10.799828647297119
4.0 13.46545186927849 12.251810558749888 16.771478236853074 0.0 16.607067334626564 10.149812376198213 24.593921968893056
5.0 8.068378605784766 7.498408197059976 1.6342696127066922 16.607067334626564 0.0 17.428910053383802 11.787094271726879
6.0 13.834184653429652 13.374854521457996 17.595261765523787 10.149812376198213 17.428910053383802 0.0 25.499707311840368
7.0 16.479311982002503 15.44496665785152 10.799828647297119 24.593921968893056 11.787094271726879 25.499707311840368 0.0
