0 1 2 3 4 5 6 7 8 9 10 11 12 13 14 15 16 17 18 19 20 21 22 23 24 25 26 27 28 29 30 31 32 33 34 35 36 37 38 39 40 41 42 43 44 45 46 47 48 49 50 51 52 53 54 55 56 57 58 59 60 61 62 63 64 65 66 67 68
1 0 28.22028799 16.37982214 28.46418132 35.99598644 17.98924094 53.82922426 15.18465122 34.24229566 8.396336429 26.75780425 27.78742178 17.83688054 41.76070841 8.172765303 7.832326323 9.333625908 32.03711401 45.53031646 42.93922322 40.36615868 33.00078187 17.79854807 26.87502264 6.073261496 16.96154863 16.15472518 6.959114219 46.61478196 17.05844856 19.56888461 15.51505317 11.53598314 14.90530512 17.82119745 7.77470058 9.678862874 11.72829287 59.72758455 2.916300312 13.82069902 19.81073212 21.65919029 3.435894564 39.10078402 8.032600044 19.62587203 27.0872668 15.55084906 23.06453588 28.96761165 28.19718645 23.64899299 20.32371767 16.99453235 10.14074434 29.65433982 13.28235887 12.10183865 11.0724859 3.051828072 41.72161208 38.04267451 19.55393013 45.14300025 18.93533511 22.39094071 41.12658679
2 28.22028799 0 44.03162958 55.91760217 63.36358452 6.477074465 87.87722232 36.83579009 61.59387142 33.104161 53.69031078 54.72458348 22.4215262 68.75000014 25.3795599 27.17406122 22.75975287 59.56357508 72.50691797 69.91781541 67.33706234 60.40466939 42.51671826 0.9867761191 36.80814492 21.31246524 21.98265696 24.86393234 73.92916867 40.06064727 24.57256162 21.13903811 27.34960809 26.2466838 30.36593677 34.22867892 26.44874369 29.04069093 84.24913314 29.55479257 29.3801395 18.68206855 49.12170282 32.49375972 66.51643326 38.257836 47.42168583 54.08190709 16.82142813 11.68988811 3.303925307 3.808899221 8.803423111 15.51779187 24.8154262 33.76118339 56.60862079 31.99556419 30.97548352 38.48378161 30.81329061 68.7013527 65.04582273 18.01660777 72.11645819 18.35889675 46.05525525 68.13295431
3 16.37982214 44.03162958 0 20.0132081 27.62117934 33.80256817 74.2033239 33.19161108 25.91037527 27.39692261 19.61008653 20.63408111 33.39641199 34.46844487 24.70784568 23.68438874 24.60153863 23.52538258 38.28173229 35.68369753 33.13727308 24.61486737 36.37937343 42.68585972 16.08480016 32.48352594 32.32577744 22.9846358 38.4059563 35.26531538 35.51880333 31.14827838 25.95189013 30.07145001 32.70511945 27.73978331 25.17853382 25.75499866 78.16654074 22.95705554 29.782816 35.51434757 8.032486391 21.80446257 30.70164843 24.02502606 11.53080961 19.47008823 31.60509888 38.88166363 44.77993255 44.00897933 39.46364021 36.16509417 32.28638499 28.89885617 22.43177219 27.62783828 25.24205937 30.78193703 23.25443702 34.46111638 30.6930992 35.32594835 37.90529668 34.80459574 40.69693596 33.77509615
4 28.46418132 55.91760217 20.0132081 0 13.05286229 45.68859909 86.20809245 45.14882874 11.71609378 39.3668699 20.85164485 21.61603243 45.27437848 33.48077013 36.61487705 35.57820398 36.47106671 3.426304803 37.60683233 34.96160408 32.5991382 2.69780179 48.35452998 54.57181634 28.45963834 44.36025467 44.22306174 34.87902215 24.15608191 47.23072822 47.40914313 43.02864132 37.79594129 41.93707251 44.56120247 39.71310198 37.0580828 37.59195384 90.14118899 34.93328234 41.67408579 47.39690019 23.44897447 33.8167044 6.493467489 36.11025642 27.35452647 22.78813282 43.49869993 50.76781949 56.66593618 55.89496617 51.34971749 48.05201732 44.155553 40.86068562 23.18347735 39.48352944 37.06281656 42.76974347 35.24082016 33.7292401 29.54920334 47.21067688 37.30671634 46.69240145 52.66641217 32.37884859
5 35.99598644 63.36358452 27.62117934 13.05286229 0 53.13460781 93.77625774 52.63236962 12.65551536 46.85354758 26.62479492 27.35547146 52.71673233 39.00363681 44.06868868 43.02377076 43.90904158 22.00575855 43.16389466 40.51340825 38.17120845 16.03133286 55.84974718 62.01779141 36.01254456 51.80208571 51.67424316 42.32623782 31.23789058 54.7200511 54.85703477 50.47201179 45.22268671 49.37382934 51.9939976 47.19797255 44.49914466 45.01428916 97.63801898 42.42025992 49.12104625 54.84133191 30.87978499 41.30159124 23.11648954 43.61132127 34.94701232 28.91018796 50.9481804 58.21388506 64.11193261 63.34095506 58.79574742 55.49842976 51.59411417 48.34244066 28.8893796 46.91156154 44.47528333 50.26722258 42.73430599 39.27886927 35.03974521 54.65608481 42.8722181 54.13920381 60.15888252 37.85605228
6 17.98924094 6.477074465 33.80256817 45.68859909 53.13460781 0 77.64594379 26.59872202 51.36489966 22.8704588 43.46146908 44.49574034 12.18940909 58.52114081 15.14857192 16.94574735 12.5353609 49.33454949 62.27806261 59.68895942 57.10820876 50.1756815 32.28217993 5.465809259 26.57846004 11.07874542 11.67382225 14.63504618 63.70020839 29.82472095 14.32368332 10.91154249 17.12439194 16.0236191 20.14265385 23.99653661 16.22157799 18.81465127 74.01425746 19.3223027 19.15161039 8.357025814 38.8926972 22.26354499 56.28744175 28.02776422 37.19258409 43.85304557 6.127750899 3.474694975 6.031379641 6.196514226 2.973283497 5.246962752 14.59117776 23.52720153 46.37977228 21.76844824 20.74882082 28.25118387 20.58099713 58.47249636 54.81695906 7.706797342 61.88760381 8.102988492 35.81981287 57.90408964
7 53.82922426 87.87722232 74.2033239 86.20809245 93.77625774 77.64594379 0 73.10005022 92.02842096 67.89627009 84.70032505 85.7275022 77.52070344 99.6794213 68.23371964 68.02611333 69.11379696 89.75063906 103.4534417 100.8616621 98.29125968 90.76494311 74.62737208 86.53201391 65.9263304 76.64306939 75.76074994 67.05002308 104.4136778 74.23585655 79.22829598 75.20364052 71.23115676 74.61870749 77.51132737 69.14352078 69.62193337 71.4019357 115.6831229 64.07673023 73.75295783 79.47921258 79.51302062 65.46799027 96.86008191 68.97230172 77.58680177 85.02320053 75.17421935 82.72084204 88.62443538 87.85406998 83.30555963 79.9777199 76.67763161 69.98698696 87.58897928 73.08361602 71.66043846 70.14668948 63.63693366 99.64372149 95.95720777 79.21716921 103.067216 78.58871824 79.09293029 99.03940951
8 15.18465122 36.83579009 33.19161108 45.14882874 52.63236962 26.59872202 73.10005022 0 50.86961906 15.89109349 43.14997444 44.18213759 27.05406361 58.1844068 18.2949741 19.716564 19.6430344 48.76286225 61.94690714 59.35692885 56.77955941 49.65747644 18.50832051 35.49176372 25.20766489 26.2239462 23.79896337 17.95551208 63.22103272 9.966827296 27.97224889 24.64478153 22.62229861 24.95122434 28.15339525 20.93664316 20.64995783 23.27856069 58.35892662 15.39038393 24.01879757 28.68547435 38.3584369 20.97325772 55.76409162 26.42292755 36.53807733 43.51517294 23.51027368 31.66599273 37.58070631 36.81158029 32.25640617 28.86849033 26.63878949 17.97011244 46.05866271 25.20571777 24.26400904 22.28257412 15.9532284 58.13996512 54.47417481 28.27900153 61.55783066 27.42947578 18.08067706 57.55985456
9 34.24229566 61.59387142 25.91037527 11.71609378 12.65551536 51.36489966 92.02842096 50.86961906 0 45.09142114 24.3823061 25.08793183 50.94633758 36.52430228 42.30047197 41.25404507 42.13783401 20.57938898 40.71446298 38.05960766 35.73456067 13.79843488 54.08912973 60.24807695 34.26417102 50.03159243 49.90550491 40.55679776 27.32900496 52.95835273 53.08768126 48.70180939 43.44936552 47.60238378 50.22180005 45.43555602 42.72854152 43.24016216 95.87767713 40.65822573 47.35153991 53.07132767 29.15761258 39.53944336 20.98696297 41.85242364 33.21887312 26.89535933 49.17912333 56.44418759 62.34222216 61.57124347 57.02604326 53.72879742 49.82300408 46.57941138 26.61610469 45.13855449 42.699351 48.50707623 40.97346076 36.82552867 32.56295261 52.88626404 40.42999741 52.36964485 58.39775421 35.33922803
10 8.396336429 33.104161 27.39692261 39.3668699 46.85354758 22.8704588 67.89627009 15.89109349 45.09142114 0 37.38841059 38.42041556 23.01081301 52.42065805 13.47363214 14.39881536 15.03844626 42.97824597 56.18368672 53.59362535 51.01657665 43.87735368 19.11659261 31.75948558 19.26533292 22.16140316 20.5900202 12.90185527 57.44432059 18.20341096 24.33547444 20.63782899 17.74303866 20.50251487 23.58925735 13.17785319 15.70072944 18.23325331 62.18363351 6.674126807 19.3420801 24.81889536 32.57196568 14.70443967 49.9835349 20.27724998 30.73179823 37.75036632 20.1320129 27.94170179 33.85033859 33.08053182 28.52901194 25.17356788 22.39426914 8.643996529 40.29620405 19.99179396 19.05027398 14.61326537 6.849991096 52.37661076 48.70982302 24.48855978 55.79474128 23.758913 24.03445295 51.79539545
11 26.75780425 53.69031078 19.61008653 20.85164485 26.62479492 43.46146908 84.70032505 43.14997444 24.3823061 37.38841059 0 2.038411769 43.02474684 20.72484511 34.43660025 33.35036995 34.19473295 26.11830011 24.24690283 21.6892815 18.97739417 24.30077832 46.42573027 52.34448023 26.92786477 42.10738518 42.02773419 32.66054451 35.46062357 45.26644036 45.19363977 40.78530586 35.45036036 39.65298204 42.25251848 37.72501586 34.80155708 35.21993276 88.22148281 32.95776602 39.45354059 45.16006319 22.65349724 31.83699167 30.67510318 34.23665909 26.44754446 13.72476833 41.29291348 48.54104022 54.43873155 53.66771482 49.12271886 45.82737366 41.8824649 38.85258791 3.41715707 37.14817534 34.63156456 40.85629629 33.30433754 20.43317616 16.81572059 44.97985483 23.8015786 44.4701636 50.7208546 20.40924743
12 27.78742178 54.72458348 20.63408111 21.61603243 27.35547146 44.49574034 85.7275022 44.18213759 25.08793183 38.42041556 2.038411769 0 44.05922003 20.37324207 35.47045668 34.38471002 35.22945577 26.93072612 23.87178848 21.31627097 18.59378205 25.03050442 47.45722729 53.37875333 27.95655083 43.1418868 43.06171956 33.69477852 36.06984063 46.29827157 46.22780775 41.81972353 36.48570475 40.68776523 43.28751698 38.75714456 35.8361254 36.25554251 89.25288012 33.98977267 40.48777384 46.19442154 23.68564638 32.86926033 31.41282261 35.2681176 27.47439845 15.06441176 42.32699277 49.5753083 55.47300348 54.70198716 50.15698883 46.86162272 42.91714551 39.88487444 4.472630012 38.18350394 35.66776973 41.88768864 34.33597188 20.04517866 16.40784011 46.0141593 23.4217442 45.50439111 51.75250433 20.09137514
13 17.83688054 22.4215262 33.39641199 45.27437848 52.71673233 12.18940909 77.52070344 27.05406361 50.94633758 23.01081301 43.02474684 44.05922003 0 58.08689162 15.00445237 16.43334311 11.20007066 48.92344467 61.8432575 59.25424158 56.67315381 49.75935638 32.50391496 21.06820004 26.25618714 7.917857325 15.45189722 14.20560609 63.28004977 30.17751989 16.83681482 8.616071243 16.04870934 14.12545151 18.45935503 23.9726632 15.52348912 17.91557153 74.26825933 19.33572122 18.67502379 12.20491244 38.47883392 22.01036237 55.87161927 27.75586959 36.79198544 43.41910503 13.13949957 17.35908948 23.18445733 22.4056263 17.90307348 15.02429022 11.46469325 23.69707724 45.94400565 21.06580776 19.96820878 28.27522964 20.57225513 58.03782914 54.38331919 13.20186046 61.45266092 14.22331642 36.12765793 57.47058816
14 41.76070841 68.75000014 34.46844487 33.48077013 39.00363681 58.52114081 99.6794213 58.1844068 36.52430228 52.42065805 20.72484511 20.37324207 58.08689162 0 49.49096114 48.41028336 49.25984172 39.17538655 10.84731585 7.387884522 8.622954056 36.61403661 61.45236899 67.4041745 41.91227391 57.16988427 57.08390815 47.71937698 46.54922123 60.29701916 60.2520361 55.84676138 50.52307783 54.71891609 57.32114144 52.75840896 49.86454708 50.29563258 103.2470793 47.98975411 54.51254155 60.22080163 37.55152535 46.86998218 43.05843042 49.25828079 41.36592819 30.21455723 56.35023866 63.60067323 69.49841135 68.72739981 64.18237603 60.88677239 56.94718 53.88812926 22.69613322 52.21996864 49.71394613 55.88132015 48.33198008 11.11757242 18.76947404 60.0399327 12.3215327 59.52929797 65.74934203 12.6294887
15 8.172765303 25.3795599 24.70784568 36.61487705 44.06868868 15.14857192 68.23371964 18.2949741 42.30047197 13.47363214 34.43660025 35.47045668 15.00445237 49.49096114 0 6.874073659 6.484205622 40.25418147 53.24910983 50.65981383 48.07980763 41.10647339 23.34746709 24.03426557 17.27468775 14.16653074 13.42828698 2.964385619 54.63927629 21.25398268 16.6143964 12.60231883 9.95872624 12.27610661 15.49335632 14.02181006 7.044842297 10.83411103 65.2134603 9.546105299 9.362326919 16.96978661 29.81523813 12.52217682 47.21715833 18.53025233 28.08184345 34.82152368 12.77520206 20.22398629 26.12694142 25.35648397 20.80842345 17.48182148 14.3416262 14.06348363 37.35280737 12.84643118 12.32887987 18.73173667 10.90815989 49.44323654 45.78541261 16.69914533 52.85895526 16.07848304 27.14110867 48.87225881
16 7.832326323 27.17406122 23.68438874 35.57820398 43.02377076 16.94574735 68.02611333 19.716564 41.25404507 14.39881536 33.35036995 34.38471002 16.43334311 48.41028336 6.874073659 0 7.019039306 39.22453011 52.16723893 49.57812988 46.99740088 40.06508263 24.23222686 25.82806608 16.42395059 15.53406889 15.67028661 2.939045588 53.58937872 22.43267293 18.6670106 14.16269826 8.834237792 12.95736769 15.76816184 14.5832323 5.999847288 8.784743962 66.13315221 10.11927103 11.68519931 18.6114161 28.77516709 11.53985667 46.17689678 17.73711771 27.06588025 33.74043089 14.87788473 22.02659531 27.92280217 27.15161226 22.6075302 19.31944256 15.35884881 15.2615926 36.26864983 9.195191066 9.806670997 19.15355863 11.26803771 48.36165712 44.70600681 18.44404954 51.77678883 17.96312253 28.20445833 47.79318444
17 9.333625908 22.75975287 24.60153863 36.47106671 43.90904158 12.5353609 69.11379696 19.6430344 42.13783401 15.03844626 34.19473295 35.22945577 11.20007066 49.25984172 6.484205622 7.019039306 0 40.12386576 53.01555471 50.4266412 47.84515768 40.95353145 24.6825017 21.41219229 17.55647053 10.22525295 12.3282535 4.827383135 54.46966365 22.5871089 14.69461823 9.120239477 5.996330249 5.114562441 7.724053234 15.69108228 4.953035966 8.13859225 66.50545187 11.12702224 9.039824098 13.85905546 29.6749329 13.33931942 47.06639568 19.10203844 28.00254635 34.59215788 11.18231546 17.63019963 23.5115302 22.73870326 18.20345886 14.99774998 9.517973164 15.77985094 37.11511986 11.50364673 10.47109575 20.09785075 12.32949565 49.21028721 45.55697614 13.90408885 52.62479637 13.72750296 28.45867721 48.64441592
18 32.03711401 59.56357508 23.52538258 3.426304803 22.00575855 49.33454949 89.75063906 48.76286225 20.57938898 42.97824597 26.11830011 26.93072612 48.92344467 39.17538655 40.25418147 39.22453011 40.12386576 0 43.24336941 40.60678846 38.21061901 14.67059038 51.95866238 58.21779544 32.01522991 48.00976645 47.86460503 38.52394008 33.19366412 50.83985658 51.05348925 46.67684069 41.45832808 45.59091245 48.21842327 43.32601322 40.70825058 41.25810841 93.74395342 38.54440631 45.31922594 51.04419473 27.11208598 37.42961685 19.7705905 39.70948447 30.87892899 27.62403876 47.14169187 54.41372153 60.31189706 59.54093359 54.99564988 51.69762375 47.80785346 44.47623847 28.5287253 43.1448174 40.73740892 46.37196464 38.84642595 39.37533792 35.26181855 50.85713931 42.92917377 50.33767542 56.27287202 38.14860099
19 45.53031646 72.50691797 38.28173229 37.60683233 43.16389466 62.27806261 103.4534417 61.94690714 40.71446298 56.18368672 24.24690283 23.87178848 61.8432575 10.84731585 53.24910983 52.16723893 53.01555471 43.24336941 0 7.495822245 6.77136166 40.78041575 65.21656148 71.16109123 45.68705365 60.92616968 60.84161478 51.47654334 50.87246567 64.06035202 64.00924613 59.6032837 54.27707913 58.47443082 61.0760437 56.52123301 53.62076938 54.04900086 107.0114788 51.75287979 58.26964408 63.9774837 41.36557337 50.63320562 47.21547091 53.02426118 45.16195654 33.94689437 60.10768714 67.35760377 73.25533138 72.48431846 67.9393011 64.64375532 60.70296373 57.65044033 26.29647764 55.97428439 53.46589806 59.64592316 52.09604754 14.319365 23.46751584 63.79676336 6.501382103 63.28634077 69.51312384 19.42672945
20 42.93922322 69.91781541 35.68369753 34.96160408 40.51340825 59.68895942 100.8616621 59.35692885 38.05960766 53.59362535 21.6892815 21.31627097 59.25424158 7.387884522 50.65981383 49.57812988 50.4266412 40.60678846 7.495822245 0 4.802066574 38.12923881 62.62631811 68.57198884 43.09514098 58.3371664 58.25238841 48.8874014 48.19859656 61.47024342 61.42009763 57.01424321 51.68843434 55.88554843 58.48725758 53.9312034 51.03177554 51.46045509 104.4212032 49.16280294 55.68051233 61.388418 38.76733897 48.04311118 44.56568429 50.43373249 42.56666095 31.3596241 57.51850128 64.76849922 70.66622866 69.89521591 65.3501974 62.0546424 58.11403923 55.06049141 23.72475212 53.38558935 50.87757424 57.05561506 49.50582312 11.24894414 20.69338003 61.20767442 8.717983862 60.69721867 66.92294529 16.37858463
21 40.36615868 67.33706234 33.13727308 32.5991382 38.17120845 57.10820876 98.29125968 56.77955941 35.73456067 51.01657665 18.97739417 18.59378205 56.67315381 8.622954056 48.07980763 46.99740088 47.84515768 38.21061901 6.77136166 4.802066574 0 35.79010866 60.04997332 65.99123512 40.52522931 55.75602979 55.67211363 46.3067998 45.94875828 58.8933778 58.83952172 54.43325035 49.10591272 53.30394463 55.90528207 51.3540313 48.45060175 48.87755053 101.8449833 46.58581342 53.09987169 58.80752207 36.22155588 45.46618593 42.22114061 47.85848207 40.00972621 28.76847958 54.93806998 62.18775383 68.08547668 67.31446342 62.76944862 59.4739291 55.53259834 52.48300783 21.06498003 50.80326001 48.29381121 54.47951967 46.92940398 9.492407077 18.7503338 58.6268686 5.259551705 58.11654131 64.34635113 15.50447678
22 33.00078187 60.40466939 24.61486737 2.69780179 16.03133286 50.1756815 90.76494311 49.65747644 13.79843488 43.87735368 24.30077832 25.03050442 49.75935638 36.61403661 41.10647339 40.06508263 40.95353145 14.67059038 40.78041575 38.12923881 35.79010866 0 52.86987171 59.05887937 33.00937837 48.84493125 48.71312199 39.36683257 24.70129361 51.74268678 51.89731063 47.51420559 42.27194062 46.41882876 49.04067386 44.22258013 41.54234326 42.06543442 94.65744145 39.44396638 46.16173369 51.88307433 27.96446313 38.32639235 8.241636135 40.62944106 31.93646308 26.5579465 47.98778106 55.25493464 61.1530115 60.38203742 55.83681211 52.53933221 48.63834516 45.36834532 26.58380796 43.96032485 41.53066052 47.28642555 39.75523555 36.89705496 32.68072789 51.69741347 40.49008605 51.17994094 57.18017204 35.46155695
23 17.79854807 42.51671826 36.37937343 48.35452998 55.84974718 32.28217993 74.62737208 18.50832051 54.08912973 19.11659261 46.42573027 47.45722729 32.50391496 61.45236899 23.34746709 24.23222686 24.6825017 51.95866238 65.21656148 62.62631811 60.04997332 52.86987171 0 41.17221412 28.20356831 31.65718117 29.85880191 22.74345184 66.44545345 17.07814144 33.73164053 30.12655332 27.38935069 30.08991454 33.18829817 24.46731435 25.45281787 27.887327 60.05111553 18.85469506 29.08024838 34.26657711 41.56908579 24.26952529 58.97489246 29.46356875 39.71733612 46.78344945 29.4484395 37.35233927 43.26256514 42.49293636 37.94045819 34.5766751 31.92854733 22.40351672 49.33149474 29.69339091 28.6708524 23.59852945 18.44736066 61.40920562 57.74032422 33.91737367 64.82790329 33.15675389 21.71765139 60.82554452
24 26.87502264 0.9867761191 42.68585972 54.57181634 62.01779141 5.465809259 86.53201391 35.49176372 60.24807695 31.75948558 52.34448023 53.37875333 21.06820004 67.4041745 24.03426557 25.82806608 21.41219229 58.21779544 71.16109123 68.57198884 65.99123512 59.05887937 41.17221412 0 35.46254145 19.95780915 20.64590507 23.51809594 72.58337095 38.71641117 23.23039591 19.78899894 26.00251296 24.89802841 29.01766043 32.88366663 25.10237979 27.69394117 82.90469541 28.20985775 28.03418478 17.32187408 47.77591766 31.1482898 65.17064435 36.91233146 46.07592712 52.73608202 15.4972703 10.40600108 3.951151274 3.165217524 7.601519963 14.19054308 23.46412645 32.41656509 55.262792 30.64919849 29.62896713 37.13887149 29.46831328 67.35552568 63.69999797 16.66481115 70.7706313 17.01907807 44.71092732 66.78713022
25 6.073261496 36.80814492 16.08480016 28.45963834 36.01254456 26.57846004 65.9263304 25.20766489 34.26417102 19.26533292 26.92786477 27.95655083 26.25618714 41.91227391 17.27468775 16.42395059 17.55647053 32.01522991 45.68705365 43.09514098 40.52522931 33.00937837 28.20356831 35.46254145 0 25.35572511 24.9840362 15.69810403 46.65024706 27.19524131 28.25045633 23.98386401 19.17820803 23.06058005 25.78910944 19.56678534 18.04848673 19.08790086 70.00233333 14.75076774 22.51717287 28.32642457 21.48913015 13.29608936 39.10636446 14.52341482 18.9656458 27.21336324 24.30182514 31.65627207 37.55612527 36.78534591 32.23906591 28.93173026 25.23528001 20.8568437 29.81577484 20.81394085 18.82090677 22.45102945 14.93279928 41.87697741 38.18784808 28.1154958 45.30102492 27.56214097 32.58492339 41.27117307
26 16.96154863 21.31246524 32.48352594 44.36025467 51.80208571 11.07874542 76.64306939 26.2239462 50.03159243 22.16140316 42.10738518 43.1418868 7.917857325 57.16988427 14.16653074 15.53406889 10.22525295 48.00976645 60.92616968 58.3371664 55.75602979 48.84493125 31.65718117 19.95780915 25.35572511 0 14.69545287 13.32747626 62.36507432 29.33998644 16.24228624 8.877186004 15.05875068 13.02991786 17.3303701 23.11270827 14.61765712 16.9496278 73.42320568 18.47751647 17.82375098 10.83051843 37.56483114 21.12426311 54.95726619 26.86388635 35.87998262 42.50215935 12.30599602 16.26764051 22.07794275 21.29775704 16.80317754 14.01771797 9.369884175 22.85174675 45.0267821 20.13182895 19.01397342 27.41500057 19.71046881 57.12076131 53.46640096 12.25025559 60.53555304 13.38749625 35.2867471 56.55368916
27 16.15472518 21.98265696 32.32577744 44.22306174 51.67424316 11.67382225 75.76074994 23.79896337 49.90550491 20.5900202 42.02773419 43.06171956 15.45189722 57.08390815 13.42828698 15.67028661 12.3282535 47.86460503 60.84161478 58.25238841 55.67211363 48.71312199 29.85880191 20.64590507 24.9840362 14.69545287 0 13.26613705 62.24307765 27.18977876 13.34169353 12.9958917 16.59435101 16.52511936 20.37989493 21.98277324 15.22061101 18.04673278 71.53657976 17.24504543 17.917228 15.2914633 37.42678643 20.58232089 54.82416672 26.36548901 35.70811367 42.41539023 4.429918699 16.73179166 22.71337631 21.95191956 17.35590549 13.62811655 16.57351375 21.2085689 44.94466776 20.73967796 19.81452215 26.14792417 18.53211562 57.03585399 53.37887658 14.16958927 60.45135053 12.08198034 33.25657863 56.46577605
28 6.959114219 24.86393234 22.9846358 34.87902215 42.32623782 14.63504618 67.05002308 17.95551208 40.55679776 12.90185527 32.66054451 33.69477852 14.20560609 47.71937698 2.964385619 2.939045588 4.827383135 38.52394008 51.47654334 48.8874014 46.3067998 39.36683257 22.74345184 23.51809594 15.69810403 13.32747626 13.26613705 0 52.89277151 20.79464801 16.28205636 11.89113625 7.419721158 10.90406944 13.87345888 13.26297626 3.524778094 7.89114461 64.62431021 8.799196737 8.51402889 16.33623057 28.07838374 10.99020556 45.4784225 17.02979775 26.36678478 33.05004225 12.50240646 19.71460614 25.61236558 24.84134132 20.29635327 16.99911288 13.25616499 13.63499678 35.57844958 9.440462516 9.43555353 17.89903373 10.04781462 47.67091186 44.01489018 16.14324847 51.08614537 15.62977192 26.62421899 47.10199501
29 46.61478196 73.92916867 38.4059563 24.15608191 31.23789058 63.70020839 104.4136778 63.22103272 27.32900496 57.44432059 35.46062357 36.06984063 63.28004977 46.54922123 54.63927629 53.58937872 54.46966365 33.19366412 50.87246567 48.19859656 45.94875828 24.70129361 66.44545345 72.58337095 46.65024706 62.36507432 62.24307765 52.89277151 0 65.31218425 65.42381608 61.03596957 55.77627625 59.93365123 62.55131729 57.78782602 55.06180277 55.56522317 108.2346172 53.01137403 59.6873411 65.40594766 41.64699891 51.89259659 31.43603598 54.21333962 45.6627263 38.74587322 61.51594586 68.77952116 74.67752556 73.90654327 69.36136126 66.06428254 62.15504835 58.93022959 37.60450049 57.46627086 55.02026673 60.86453999 53.32934523 46.97098304 42.66241081 65.22131098 50.6198298 64.70530084 70.75289309 45.20432155
30 17.05844856 40.06064727 35.26531538 47.23072822 54.7200511 29.82472095 74.23585655 9.966827296 52.95835273 18.20341096 45.26644036 46.29827157 30.17751989 60.29701916 21.25398268 22.43267293 22.5871089 50.83985658 64.06035202 61.47024342 58.8933778 51.74268678 17.07814144 38.71641117 27.19524131 29.33998644 27.18977876 20.79464801 65.31218425 0 31.23200123 27.78252678 25.44318345 27.93769398 31.0933721 23.26944969 23.49166682 26.02833657 53.86362297 17.71507889 26.97649564 31.86653117 40.4432837 23.13363195 57.84851269 28.44881146 38.60837029 45.62803561 26.84809981 34.8932276 40.80597129 40.0366252 35.48263337 32.10531829 29.69143428 20.73973128 48.17368947 27.90306143 26.92114131 23.77811929 17.89245739 60.2532066 56.58589891 31.48524021 63.6714816 30.67474206 11.57668171 59.67134982
31 19.56888461 24.57256162 35.51880333 47.40914313 54.85703477 14.32368332 79.22829598 27.97224889 53.08768126 24.33547444 45.19363977 46.22780775 16.83681482 60.2520361 16.6143964 18.6670106 14.69461823 51.05348925 64.00924613 61.42009763 58.83952172 51.89731063 33.73164053 23.23039591 28.25045633 16.24228624 13.34169353 16.28205636 65.42381608 31.23200123 0 13.86570356 19.18455489 18.60733735 22.60724648 25.51407061 18.02459972 20.77286881 75.45532867 20.82931804 20.77168101 17.05770261 40.61293361 23.89013158 58.00881188 29.67091704 38.90579337 45.58375228 11.90545546 19.37611436 25.3139125 24.54667406 19.97989011 16.37930234 18.29716908 24.974741 48.11144827 23.60989803 22.64566595 29.76399307 22.10230765 60.20360822 56.5475376 15.84074103 63.61885869 14.12116739 37.2423182 59.63459737
32 15.51505317 21.13903811 31.14827838 43.02864132 50.47201179 10.91154249 75.20364052 24.64478153 48.70180939 20.63782899 40.78530586 41.81972353 8.616071243 55.84676138 12.60231883 14.16269826 9.120239477 46.67684069 59.6032837 57.01424321 54.43325035 47.51420559 30.12655332 19.78899894 23.98386401 8.877186004 12.9958917 11.89113625 61.03596957 27.78252678 13.86570356 0 13.96353099 12.33884728 16.6493768 21.62002751 13.27319211 15.77883088 71.88781468 16.97976737 16.30832313 11.76340418 36.23287208 19.71017093 53.62632851 25.46703638 34.54214413 41.17885777 10.97882429 16.03554564 21.89564226 21.12019709 16.59844576 13.49567873 11.00488224 21.31563048 43.7042965 18.8644702 17.80487994 25.92373478 18.2236503 55.79781642 52.14301642 11.8253667 59.21272588 12.23819118 33.73919294 55.23024816
33 11.53598314 27.34960809 25.95189013 37.79594129 45.22268671 17.12439194 71.23115676 22.62229861 43.44936552 17.74303866 35.45036036 36.48570475 16.04870934 50.52307783 9.95872624 8.834237792 5.996330249 41.45832808 54.27707913 51.68843434 49.10591272 42.27194062 27.38935069 26.00251296 19.17820803 15.05875068 16.59435101 7.419721158 55.77627625 25.44318345 19.18455489 13.96353099 0 11.48403464 13.50764395 18.25227931 7.92332738 6.619501771 69.23162859 13.69547551 13.51582159 18.54980788 31.00137519 15.31805152 48.38635072 20.92127077 29.37104365 35.85638952 15.55616184 22.21479778 28.10048201 27.32814272 22.79028689 19.5612247 14.35375453 18.57511465 38.37369134 11.87881784 10.26242968 22.59468395 14.81222898 50.47223636 46.82209002 18.53730457 53.88589653 18.27101155 31.25694501 49.90995457
34 14.90530512 26.2466838 30.07145001 41.93707251 49.37382934 16.0236191 74.61870749 24.95122434 47.60238378 20.50251487 39.65298204 40.68776523 14.12545151 54.71891609 12.27610661 12.95736769 5.114562441 45.59091245 58.47443082 55.88554843 53.30394463 46.41882876 30.08991454 24.89802841 23.06058005 13.02991786 16.52511936 10.90406944 59.93365123 27.93769398 18.60733735 12.33884728 11.48403464 0 12.17433199 21.24676335 11.71746805 13.72838177 71.89454887 16.65590057 15.47062 17.1083587 35.14206368 18.92997234 52.53186155 24.64056399 33.4755702 40.05159188 15.13992326 21.12986094 27.00058193 26.22661294 21.6975862 18.55291171 11.86489642 21.23950272 42.57370458 17.24475235 16.0224503 25.59872236 17.85382563 54.66921351 51.01627617 17.32080936 58.08362328 17.36196976 33.82710552 54.10375735
35 17.82119745 30.36593677 32.70511945 44.56120247 51.9939976 20.14265385 77.51132737 28.15339525 50.22180005 23.58925735 42.25251848 43.28751698 18.45935503 57.32114144 15.49335632 15.76816184 7.724053234 48.21842327 61.0760437 58.48725758 55.90528207 49.04067386 33.18829817 29.01766043 25.78910944 17.3303701 20.37989493 13.87345888 62.55131729 31.0933721 22.60724648 16.6493768 13.50764395 12.17433199 0 24.27292485 14.5965858 15.98529135 75.00235651 19.68959621 18.74154995 21.30890545 37.76724678 21.77636499 55.15425246 27.43588038 36.11611662 42.6543194 19.086484 25.24479282 31.11910068 30.34552738 25.81436703 22.64982376 15.91713053 24.35394385 45.17429131 19.77209433 18.36607553 28.61484925 20.86200937 57.27097899 53.61917837 21.47250541 60.68508431 21.43773713 36.96136057 56.70680685
36 7.77470058 34.22867892 27.73978331 39.71310198 47.19797255 23.99653661 69.14352078 20.93664316 45.43555602 13.17785319 37.72501586 38.75714456 23.9726632 52.75840896 14.02181006 14.5832323 15.69108228 43.32601322 56.52123301 53.9312034 51.3540313 44.22258013 24.46731435 32.88366663 19.56678534 23.11270827 21.98277324 13.26297626 57.78782602 23.26944969 25.51407061 21.62002751 18.25227931 21.24676335 24.27292485 0 16.13796987 18.65397516 66.72655948 6.355517479 19.95308077 25.87313551 32.91284675 14.54736657 50.32900423 20.38841423 31.06877353 38.08714833 21.43636782 29.07003813 34.9755119 34.20535132 29.65572966 26.31723809 23.2493275 14.4353027 40.63318027 20.30081356 19.39987792 17.88211724 9.152093588 52.71420336 49.04776237 25.58285172 56.13223698 24.91584725 28.91258254 52.13341983
37 9.678862874 26.44874369 25.17853382 37.0580828 44.49914466 16.22157799 69.62193337 20.64995783 42.72854152 15.70072944 34.80155708 35.8361254 15.52348912 49.86454708 7.044842297 5.999847288 4.953035966 40.70825058 53.62076938 51.03177554 48.45060175 41.54234326 25.45281787 25.10237979 18.04848673 14.61765712 15.22061101 3.524778094 55.06180277 23.49166682 18.02459972 13.27319211 7.92332738 11.71746805 14.5965858 16.13796987 0 8.8622449 67.31470762 11.63033359 10.46954341 17.80831898 30.25897905 13.60493 47.65478038 19.50830489 28.57153237 35.19591871 14.33510089 21.30546752 27.19820086 26.42662462 21.88461926 18.61542945 14.36229319 16.47581288 37.72108038 11.22875915 10.91221969 20.64734985 12.82582317 49.81537262 46.16109993 17.68655269 53.23013738 17.27621185 29.31932872 49.24843416
38 11.72829287 29.04069093 25.75499866 37.59195384 45.01428916 18.81465127 71.4019357 23.27856069 43.24016216 18.23325331 35.21993276 36.25554251 17.91557153 50.29563258 10.83411103 8.784743962 8.13859225 41.25810841 54.04900086 51.46045509 48.87755053 42.06543442 27.887327 27.69394117 19.08790086 16.9496278 18.04673278 7.89114461 55.56522317 26.02833657 20.77286881 15.77883088 6.619501771 13.72838177 15.98529135 18.65397516 8.8622449 0 69.7422808 14.10289901 14.74348029 20.31509278 30.7954184 15.37875395 48.18044925 20.91233656 29.17867694 35.62857432 17.08824923 23.90191648 29.7908955 29.01891669 24.47910846 21.2316667 16.3904642 19.11589228 38.14436795 10.32771476 7.850331269 22.9671513 15.17331366 50.24431189 46.59531304 20.2549605 53.65766167 19.92145191 31.80887193 49.68335827
39 59.72758455 84.24913314 78.16654074 90.14118899 97.63801898 74.01425746 115.6831229 58.35892662 95.87767713 62.18363351 88.22148281 89.25288012 74.26825933 103.2470793 65.2134603 66.13315221 66.50545187 93.74395342 107.0114788 104.4212032 101.8449833 94.65744145 60.05111553 82.90469541 70.00233333 73.42320568 71.53657976 64.62431021 108.2346172 53.86362297 75.45532867 71.88781468 69.23162859 71.89454887 75.00235651 66.72655948 67.31470762 69.7422808 0 61.22541366 70.92027031 76.01285025 83.35860621 66.21954547 100.7622436 71.34051075 81.5068521 88.57861669 71.14407099 79.08399983 84.99484896 84.22529139 79.67243599 76.30533232 73.71210814 64.86013295 91.12688432 71.56754192 70.53267752 66.548607 61.04018177 103.2040734 99.53482763 75.65594699 106.6228725 74.88304348 54.04528884 102.6199772
40 2.916300312 29.55479257 22.95705554 34.93328234 42.42025992 19.3223027 64.07673023 15.39038393 40.65822573 6.674126807 32.95776602 33.98977267 19.33572122 47.98975411 9.546105299 10.11927103 11.12702224 38.54440631 51.75287979 49.16280294 46.58581342 39.44396638 18.85469506 28.20985775 14.75076774 18.47751647 17.24504543 8.799196737 53.01137403 17.71507889 20.82931804 16.97976737 13.69547551 16.65590057 19.68959621 6.355517479 11.63033359 14.10289901 61.22541366 0 15.42585611 21.21532568 28.13419244 9.848228525 45.55010285 15.59247294 26.28486688 33.31861809 16.72007646 24.39527324 30.30147438 29.5313954 24.98133625 21.6389711 18.63326317 7.738926561 35.86540767 15.77190672 14.8347739 12.14076119 3.365904314 47.94577653 44.27878665 20.9161011 51.36395851 20.2347415 23.37609936 47.36435978
41 13.82069902 29.3801395 29.782816 41.67408579 49.12104625 19.15161039 73.75295783 24.01879757 47.35153991 19.3420801 39.45354059 40.48777384 18.67502379 54.51254155 9.362326919 11.68519931 9.039824098 45.31922594 58.26964408 55.68051233 53.09987169 46.16173369 29.08024838 28.03418478 22.51717287 17.82375098 17.917228 8.51402889 59.6873411 26.97649564 20.77168101 16.30832313 13.51582159 15.47062 18.74154995 19.95308077 10.46954341 14.74348029 70.92027031 15.42585611 0 20.83092462 34.8755549 17.97769934 52.2733608 23.89528289 33.16802968 39.84375082 17.1017415 24.23207804 30.12880335 29.35765411 24.81331667 21.52076332 17.84238866 20.02163186 42.37154462 17.17082973 16.55841025 24.49187824 16.69796379 54.46403056 50.80814194 20.64247955 57.8792302 20.14895357 32.85814777 53.8952465
42 19.81073212 18.68206855 35.51434757 47.39690019 54.84133191 8.357025814 79.47921258 28.68547435 53.07132767 24.81889536 45.16006319 46.19442154 12.20491244 60.22080163 16.96978661 18.6114161 13.85905546 51.04419473 63.9774837 61.388418 58.80752207 51.88307433 34.26657711 17.32187408 28.32642457 10.83051843 15.2914633 16.33623057 65.40594766 31.86653117 17.05770261 11.76340418 18.54980788 17.1083587 21.30890545 25.87313551 17.80831898 20.31509278 76.01285025 21.21532568 20.83092462 0 40.60115167 24.04113041 57.99505186 29.79740231 38.90675922 45.55283943 11.84769614 13.69498277 19.45830584 18.67227314 14.20729648 11.81300372 15.0839269 25.4882337 48.07877868 23.35274715 22.29964881 30.149065 22.4645378 60.17197696 56.51688272 9.752283447 63.58696546 12.17280159 37.84195094 59.60407284
43 21.65919029 49.12170282 8.032486391 23.44897447 30.87978499 38.8926972 79.51302062 38.3584369 29.15761258 32.57196568 22.65349724 23.68564638 38.47883392 37.55152535 29.81523813 28.77516709 29.6749329 27.11208598 41.36557337 38.76733897 36.22155588 27.96446313 41.56908579 47.77591766 21.48913015 37.56483114 37.42678643 28.07838374 41.64699891 40.4432837 40.61293361 36.23287208 31.00137519 35.14206368 37.76724678 32.91284675 30.25897905 30.7954184 83.35860621 28.13419244 34.8755549 40.60115167 0 26.98637073 34.07324436 29.25209998 18.52847392 22.2886152 36.70253345 43.97191228 49.8700364 49.09906624 44.55381372 41.2560747 37.36073783 34.06408685 25.4730971 32.68117981 30.26207495 35.97857069 28.4444505 37.54380795 33.76693641 40.41481424 40.98937898 39.89640306 45.88086573 36.8567223
44 3.435894564 32.49375972 21.80446257 33.8167044 41.30159124 22.26354499 65.46799027 20.97325772 39.53944336 14.70443967 31.83699167 32.86926033 22.01036237 46.86998218 12.52217682 11.53985667 13.33931942 37.42961685 50.63320562 48.04311118 45.46618593 38.32639235 24.26952529 31.1482898 13.29608936 21.12426311 20.58232089 10.99020556 51.89259659 23.13363195 23.89013158 19.71017093 15.31805152 18.92997234 21.77636499 14.54736657 13.60493 15.37875395 66.21954547 9.848228525 17.97769934 24.04113041 26.98637073 0 44.43278736 12.77642074 25.08836052 32.19221727 19.92738308 27.34034045 33.24148038 32.47084103 27.92380203 24.60915356 21.08338263 16.16872297 34.74458108 16.8210919 15.56184463 18.23614312 10.32638913 46.82605115 43.15868976 23.81050641 50.24430974 23.23085415 28.63396279 46.24444618
45 39.10078402 66.51643326 30.70164843 6.493467489 23.11648954 56.28744175 96.86008191 55.76409162 20.98696297 49.9835349 30.67510318 31.41282261 55.87161927 43.05843042 47.21715833 46.17689678 47.06639568 19.7705905 47.21547091 44.56568429 42.22114061 8.241636135 58.97489246 65.17064435 39.10636446 54.95726619 54.82416672 45.4784225 31.43603598 57.84851269 58.00881188 53.62632851 48.38635072 52.53186155 55.15425246 50.32900423 47.65478038 48.18044925 100.7622436 45.55010285 52.2733608 57.99505186 34.07324436 44.43278736 0 46.73359601 38.02678523 32.85771951 54.09906408 61.3666869 67.26477339 66.49380013 61.94856944 58.65103696 54.75113022 51.47519961 32.97089982 50.07455024 47.64703018 53.39113108 45.86048315 43.33364721 39.12804064 57.80925641 46.92287394 57.29159204 63.28556831 41.91799081
46 8.032600044 38.257836 24.02502606 36.11025642 43.61132127 28.02776422 68.97230172 26.42292755 41.85242364 20.27724998 34.23665909 35.2681176 27.75586959 49.25828079 18.53025233 17.73711771 19.10203844 39.70948447 53.02426118 50.43373249 47.85848207 40.62944106 29.46356875 36.91233146 14.52341482 26.86388635 26.36548901 17.02979775 54.21333962 28.44881146 29.67091704 25.46703638 20.92127077 24.64056399 27.43588038 20.38841423 19.50830489 20.91233656 71.34051075 15.59247294 23.89528289 29.79740231 29.25209998 12.77642074 46.73359601 0 27.23685968 34.57471179 25.70510466 33.10482567 39.00562408 38.23494844 33.68810819 30.37548153 26.79356882 21.86307165 37.13958018 22.51461583 20.85484775 23.49212641 15.81440553 49.21640571 45.54382604 29.57266382 52.63604995 29.0001269 33.8694747 48.62902882
47 19.62587203 47.42168583 11.53080961 27.35452647 34.94701232 37.19258409 77.58680177 36.53807733 33.21887312 30.73179823 26.44754446 27.47439845 36.79198544 41.36592819 28.08184345 27.06588025 28.00254635 30.87892899 45.16195654 42.56666095 40.00972621 31.93646308 39.71733612 46.07592712 18.9656458 35.87998262 35.70811367 26.36678478 45.6627263 38.60837029 38.90579337 34.54214413 29.37104365 33.4755702 36.11611662 31.06877353 28.57153237 29.17867694 81.5068521 26.28486688 33.16802968 38.90675922 18.52847392 25.08836052 38.02678523 27.23685968 0 26.49517264 34.98994077 42.2715938 48.1699675 47.39902572 42.85362447 39.55449532 35.68817985 32.23800608 29.29974186 31.03663342 28.67640426 34.1074425 26.57728449 41.34601948 37.61316781 38.71685258 44.78122508 38.19338102 44.03861045 40.69600327
48 27.0872668 54.08190709 19.47008823 22.78813282 28.91018796 43.85304557 85.02320053 43.51517294 26.89535933 37.75036632 13.72476833 15.06441176 43.41910503 30.21455723 34.82152368 33.74043089 34.59215788 27.62403876 33.94689437 31.3596241 28.76847958 26.5579465 46.78344945 52.73608202 27.21336324 42.50215935 42.41539023 33.05004225 38.74587322 45.62803561 45.58375228 41.17885777 35.85638952 40.05159188 42.6543194 38.08714833 35.19591871 35.62857432 88.57861669 33.31861809 39.84375082 45.55283943 22.2886152 32.19221727 32.85771951 34.57471179 26.49517264 0 41.68186805 48.9325732 54.83031645 54.05930587 49.51427887 46.21864236 42.27980447 39.21777055 16.73715167 37.55102913 35.04607031 41.21119173 33.66104794 30.12298656 26.33864016 45.37188301 33.55163915 44.8611304 51.08055049 29.62157079
49 15.55084906 16.82142813 31.60509888 43.49869993 50.9481804 6.127750899 75.17421935 23.51027368 49.17912333 20.1320129 41.29291348 42.32699277 13.13949957 56.35023866 12.77520206 14.87788473 11.18231546 47.14169187 60.10768714 57.51850128 54.93806998 47.98778106 29.4484395 15.4972703 24.30182514 12.30599602 4.429918699 12.50240646 61.51594586 26.84809981 11.90545546 10.97882429 15.55616184 15.13992326 19.086484 21.43636782 14.33510089 17.08824923 71.14407099 16.72007646 17.1017415 11.84769614 36.70253345 19.92738308 54.09906408 25.70510466 34.98994077 41.68186805 0 11.4505292 17.52726789 16.77941426 12.11572727 8.419760868 14.70702585 20.76238152 44.21031123 19.86726234 18.91212607 25.63220101 17.99829556 56.30199032 52.6454802 10.52941375 59.71735887 8.218877201 32.89175446 55.73247914
